%YAML:1.0
---
C: !!opencv-matrix
   rows: 3
   cols: 3
   dt: d
   data: [ 1.1141804900000000e+03, 0., 1.0742415300000000e+03, 0.,
       1.1134568400000001e+03, 6.0864778799999999e+02, 0., 0., 1. ]
D: !!opencv-matrix
   rows: 4
   cols: 4
   dt: d
   data: [ 9.1675828000000004e-01, 1.8388357100000000e-01,
       3.5459989800000002e-01, 1.6049487700000000e+02,
       -2.0549181599999999e-01, 9.7836655400000005e-01,
       2.3916500500000000e-02, 5.4823469099999997e+01,
       -3.4253082899999998e-01, -9.4793027000000002e-02,
       9.3471220899999996e-01, -8.4464335099999996e-02, 0., 0., 0., 1. ]
